version https://git-lfs.github.com/spec/v1
oid sha256:15ed9671a9811ac7bd4998671cfc88b0a3b2cf11f0bd0f9f972b3edda6e2a6a2
size 95171892
